1.000000000 0.000000000 0.000000000 0.000000000 0.000000000 1.000000000 0.000000000 0.000000000 0.000000000 0.000000000 1.000000000 0.000000000
0.999990344 -0.002732808 -0.003449235 -0.000218132 0.002724552 0.999993443 -0.002396121 -0.002028121 0.003455760 0.002386700 0.999991179 0.671268404
0.999972880 -0.001249372 -0.007260233 -0.010916241 0.001221865 0.999992073 -0.003791936 -0.007869275 0.007264913 0.003782962 0.999966443 1.358251452
0.999936402 -0.001167774 -0.011217115 -0.025174472 0.001108107 0.999985218 -0.005324070 -0.009893739 0.011223167 0.005311302 0.999922931 2.063026428
0.999868512 -0.000142503 -0.016215783 -0.039182566 0.000044059 0.999981582 -0.006071104 -0.013153645 0.016216349 0.006069591 0.999850094 2.793168068
0.999788880 -0.001008288 -0.020521691 -0.059129156 0.000883593 0.999981105 -0.006084402 -0.026529178 0.020527437 0.006064985 0.999770880 3.531394958
0.999688506 0.000713418 -0.024947977 -0.086858913 -0.000900744 0.999971509 -0.007498240 -0.031350944 0.024941916 0.007518376 0.999660611 4.284643173
0.999546111 0.003469623 -0.029925674 -0.115553051 -0.003722246 0.999957860 -0.008390095 -0.037171431 0.029895304 0.008497678 0.999516904 5.052901745
0.999403536 0.003641120 -0.034340486 -0.144938856 -0.003877308 0.999969244 -0.006813738 -0.041286614 0.034314621 0.006942823 0.999386966 5.847169399
0.999236763 0.003047099 -0.038943142 -0.178205490 -0.003213213 0.999985993 -0.004203679 -0.049141228 0.038929787 0.004325604 0.999232590 6.646149635
0.999106884 0.002445398 -0.042183083 -0.216576934 -0.002500925 0.999996066 -0.001263619 -0.060902089 0.042179827 0.001367987 0.999109089 7.456576347
0.998980045 0.004170391 -0.044960961 -0.257189065 -0.004275849 0.999988317 -0.002249617 -0.066324972 0.044951055 0.002439569 0.998986185 8.274069786
0.998889148 0.003748645 -0.046972599 -0.304558039 -0.003874850 0.999989152 -0.002596013 -0.073530115 0.046962358 0.002775142 0.998892784 9.091647148
0.998823822 0.001272082 -0.048470270 -0.352780193 -0.001424797 0.999994159 -0.003116277 -0.079680860 0.048466023 0.003181672 0.998819768 9.914507866
0.998682618 0.000304314 -0.051312231 -0.375809520 -0.000421309 0.999997318 -0.002269256 -0.086456813 0.051311404 0.002287884 0.998680055 10.771781921
0.998605192 -0.001087635 -0.052787736 -0.423890471 0.000932877 0.999995172 -0.002956245 -0.091028273 0.052790698 0.002902877 0.998601377 11.619332314
0.998504579 0.001297770 -0.054652601 -0.474393994 -0.001576523 0.999985993 -0.005057638 -0.106132247 0.054645270 0.005136236 0.998492599 12.481042862
0.998403668 0.001065429 -0.056470554 -0.520380139 -0.001497594 0.999969900 -0.007611154 -0.114072822 0.056460746 0.007683574 0.998375237 13.344812393
0.998303652 0.005025364 -0.058005147 -0.583715320 -0.005571242 0.999941647 -0.009252979 -0.127458811 0.057955265 0.009560444 0.998273373 14.215847015
0.998225451 0.006202845 -0.059224226 -0.638040602 -0.006732774 0.999939024 -0.008752488 -0.141918361 0.059166323 0.009135699 0.998206317 15.106262207
0.998134136 0.005124030 -0.060844131 -0.691886902 -0.005572980 0.999958456 -0.007211297 -0.156077087 0.060804654 0.007536925 0.998121202 15.998430252
0.998069286 0.006044263 -0.061815616 -0.758527577 -0.006414390 0.999962687 -0.005790899 -0.169514030 0.061778303 0.006176228 0.998070776 16.893888474
0.998023033 0.005634938 -0.062596448 -0.817953467 -0.005996327 0.999966443 -0.005586963 -0.183403343 0.062562868 0.005951266 0.998023272 17.804363251
0.997933388 0.005644002 -0.064008512 -0.879740119 -0.006074666 0.999960184 -0.006535604 -0.196171120 0.063969076 0.006910928 0.997927964 18.708076477
0.997834742 0.003998021 -0.065649644 -0.935586691 -0.004489223 0.999962986 -0.007336363 -0.208780855 0.065617882 0.007615194 0.997815788 19.614139557
0.997775078 0.004079597 -0.066544883 -0.993273616 -0.004472566 0.999973416 -0.005757413 -0.217811570 0.066519625 0.006042229 0.997766793 20.537105560
0.997812867 0.005151920 -0.065900803 -1.068274260 -0.005320193 0.999983013 -0.002378198 -0.228206336 0.065887429 0.002723601 0.997823358 21.464927673
0.997869253 0.006078394 -0.064961381 -1.135073900 -0.005998556 0.999980986 0.001423983 -0.240027264 0.064968802 -0.001031275 0.997886777 22.395895004
0.997979462 0.004786418 -0.063356504 -1.195314169 -0.004500844 0.999979079 0.004649376 -0.251648247 0.063377433 -0.004354824 0.997980118 23.327943802
0.998091400 0.005014391 -0.061550185 -1.263546586 -0.004701250 0.999975264 0.005231332 -0.254918456 0.061574895 -0.004931984 0.998090267 24.265253067
0.998166561 0.005210519 -0.060301911 -1.317763090 -0.005054703 0.999983490 0.002736187 -0.264653563 0.060315173 -0.002426363 0.998176455 25.206903458
0.998209000 0.006263806 -0.059494469 -1.378229499 -0.006423910 0.999976218 -0.002500179 -0.267618477 0.059477396 0.002877888 0.998225510 26.148488998
0.998283744 0.005491224 -0.058304127 -1.436379075 -0.005798508 0.999970198 -0.005102481 -0.281243920 0.058274370 0.005431801 0.998285830 27.107109070
0.998333037 0.002860721 -0.057645120 -1.492981672 -0.003117382 0.999985635 -0.004363008 -0.289611757 0.057631809 0.004535437 0.998327613 28.067266464
0.998346984 0.001713244 -0.057448987 -1.552780867 -0.001671571 0.999998331 0.000773436 -0.301289171 0.057450216 -0.000676127 0.998348117 29.043453217
0.998296142 -0.002085225 -0.058313806 -1.607219577 0.002347618 0.999987423 0.004431529 -0.316408187 0.058303833 -0.004560877 0.998288453 30.009483337
0.998181820 -0.009157492 -0.059574775 -1.656065226 0.009383570 0.999949813 0.003516205 -0.322534144 0.059539586 -0.004068836 0.998217642 30.981456757
0.998078644 -0.011731994 -0.060838740 -1.712207675 0.011749536 0.999930978 -0.000069422 -0.333933473 0.060835354 -0.000645538 0.998147607 31.951404572
0.998004079 -0.010945458 -0.062193975 -1.776762366 0.010700188 0.999933600 -0.004275334 -0.340599567 0.062236644 0.003601313 0.998054922 32.932392120
0.997866094 -0.009405157 -0.064612411 -1.842588425 0.009078105 0.999944448 -0.005353483 -0.347391188 0.064659178 0.004755501 0.997896075 33.924495697
0.997826397 -0.009475154 -0.065212481 -1.911310196 0.009243848 0.999949872 -0.003847769 -0.363408148 0.065245673 0.003236592 0.997864008 34.913463593
0.997760713 -0.006170261 -0.066599101 -1.985172153 0.006107002 0.999980688 -0.001153377 -0.377127171 0.066604927 0.000744073 0.997779131 35.911685944
0.997691572 -0.005975312 -0.067644894 -2.054156780 0.006011627 0.999981880 0.000333301 -0.391970158 0.067641675 -0.000739187 0.997709394 36.905826569
0.997623205 -0.004744670 -0.068741478 -2.124362946 0.004947340 0.999983907 0.002778353 -0.401100367 0.068727195 -0.003111837 0.997630656 37.897594452
0.997644246 -0.004542411 -0.068449020 -2.193179846 0.004966844 0.999969482 0.006031795 -0.415301502 0.068419531 -0.006357561 0.997636378 38.881511688
0.997622013 0.000792768 -0.068918146 -2.279220581 -0.000227452 0.999966264 0.008210190 -0.416748673 0.068922333 -0.008174990 0.997588515 39.891620636
0.997591019 0.000806138 -0.069365047 -2.353421688 -0.000290303 0.999972224 0.007446292 -0.421675056 0.069369130 -0.007408218 0.997563541 40.891204834
0.997596443 0.000456799 -0.069290549 -2.414201975 -0.000058663 0.999983490 0.005747817 -0.422434986 0.069292031 -0.005729937 0.997579992 41.873832703
0.997594655 0.003007593 -0.069251761 -2.493705273 -0.002775474 0.999990225 0.003447792 -0.430466264 0.069261454 -0.003247292 0.997593284 42.858692169
0.997532427 0.002575839 -0.070160292 -2.565058231 -0.002331230 0.999990940 0.003568087 -0.440850049 0.070168845 -0.003395722 0.997529328 43.849925995
0.997439146 0.000673394 -0.071516961 -2.637229681 -0.000313430 0.999987245 0.005044368 -0.451005280 0.071519442 -0.005009035 0.997426629 44.833557129
0.997398615 0.001683496 -0.072063476 -2.712055922 -0.001265127 0.999982059 0.005850814 -0.461448491 0.072072037 -0.005744424 0.997382879 45.810359955
0.997378170 0.003699336 -0.072270691 -2.791077852 -0.003526755 0.999990642 0.002515441 -0.475097954 0.072279319 -0.002253965 0.997381866 46.785495758
0.997317135 0.003855455 -0.073100567 -2.867689133 -0.003978146 0.999990940 -0.001532861 -0.480778992 0.073093995 0.001819553 0.997323394 47.754776001
0.997269690 0.005019816 -0.073674820 -2.948607922 -0.005254785 0.999981701 -0.002995778 -0.489145428 0.073658437 0.003374744 0.997277796 48.717151642
0.997257173 0.003473254 -0.073933080 -3.019031286 -0.003448791 0.999993920 0.000458547 -0.504856646 0.073934227 -0.000202310 0.997263074 49.696617126
0.997238755 0.001888475 -0.074237950 -3.091504097 -0.001647220 0.999993145 0.003310847 -0.515921712 0.074243695 -0.003179419 0.997235060 50.669460297
0.997219324 0.000115221 -0.074522570 -3.162671804 0.000200970 0.999991000 0.004235370 -0.528888822 0.074522384 -0.004238569 0.997210324 51.629219055
0.997192800 -0.003262231 -0.074805483 -3.235219717 0.003502424 0.999989152 0.003079941 -0.539892614 0.074794628 -0.003333295 0.997193396 52.583332062
0.997166514 -0.006316857 -0.074960425 -3.308122396 0.006487368 0.999976873 0.002031403 -0.553331077 0.074945867 -0.002511943 0.997184455 53.523117065
0.997079253 -0.008138221 -0.075939082 -3.379412413 0.008439824 0.999957740 0.003651557 -0.568745434 0.075906157 -0.004281804 0.997105777 54.470306396
0.996928751 -0.011470589 -0.077469431 -3.446458340 0.012097263 0.999897778 0.007624860 -0.576738179 0.077374049 -0.008538610 0.996965587 55.426418304
0.996901393 -0.011688865 -0.077787995 -3.527062416 0.012680346 0.999844372 0.012264215 -0.579674780 0.077632532 -0.013212592 0.996894479 56.370334625
0.996869981 -0.010283265 -0.078386836 -3.609443426 0.011472542 0.999825597 0.014736679 -0.583538055 0.078221619 -0.015589850 0.996814072 57.316780090
0.996739745 -0.009124720 -0.080165870 -3.672521353 0.010014749 0.999892533 0.010707291 -0.586224377 0.080059551 -0.011475224 0.996724010 58.242591858
0.996650100 -0.007681503 -0.081422277 -3.753866434 0.007937516 0.999964535 0.002821040 -0.590058029 0.081397720 -0.003457880 0.996675730 59.157993317
0.996600986 -0.005958220 -0.082164384 -3.836474657 0.005810428 0.999981046 -0.002037728 -0.598281443 0.082174964 0.001553391 0.996616721 60.084903717
0.996570170 -0.000804866 -0.082748003 -3.926449537 0.000697928 0.999998868 -0.001321250 -0.610664785 0.082748979 0.001258966 0.996569633 60.986221313
0.996445358 0.001421055 -0.084229633 -4.005728722 -0.001324721 0.999998391 0.001199577 -0.626484931 0.084231205 -0.001083732 0.996445656 61.882278442
0.996334255 0.004026195 -0.085451007 -4.084671974 -0.003822775 0.999989450 0.002544040 -0.638173819 0.085460350 -0.002208054 0.996339142 62.775154114
0.996273100 0.004784595 -0.086121954 -4.173467636 -0.004571693 0.999985993 0.002669152 -0.654883862 0.086133517 -0.002265481 0.996281028 63.626674652
0.996116936 0.006505130 -0.087799370 -4.252441406 -0.006204362 0.999973893 0.003698093 -0.670249104 0.087821141 -0.003138994 0.996131301 64.477409363
0.996011436 0.007574001 -0.088903308 -4.335852146 -0.007226054 0.999964952 0.004234973 -0.682291806 0.088932268 -0.003575662 0.996031284 65.312095642
0.995869637 0.007287396 -0.090501919 -4.412631989 -0.006895820 0.999965489 0.004638646 -0.691165388 0.090532601 -0.003995402 0.995885491 66.137268066
0.995779514 0.006923676 -0.091516279 -4.490420818 -0.006428514 0.999963045 0.005704318 -0.697876275 0.091552392 -0.005091929 0.995787263 66.948936462
0.995622158 0.009726704 -0.092961743 -4.569920540 -0.008971960 0.999923348 0.008533359 -0.707583249 0.093037620 -0.007661952 0.995633125 67.748466492
0.995468140 0.011122846 -0.094443224 -4.647655964 -0.009993999 0.999872983 0.012417247 -0.712243199 0.094569340 -0.011417108 0.995452821 68.540138245
0.995281041 0.014496451 -0.095945455 -4.733578682 -0.013185646 0.999811053 0.014281955 -0.717897952 0.096134365 -0.012949456 0.995284140 69.311759949
0.995121121 0.017593164 -0.097079523 -4.816550732 -0.016679311 0.999808669 0.010217031 -0.727923632 0.097240701 -0.008547964 0.995224178 70.058647156
0.994971395 0.017397270 -0.098636888 -4.888280392 -0.017202374 0.999848008 0.002826087 -0.734567881 0.098671071 -0.001115087 0.995119452 70.782188416
0.994824946 0.016435821 -0.100265607 -4.960191727 -0.016811708 0.999854445 -0.002905058 -0.742931128 0.100203268 0.004575660 0.994956493 71.488342285
0.994798541 0.017209655 -0.100397497 -5.039475918 -0.017698161 0.999835491 -0.003977032 -0.751839638 0.100312531 0.005733197 0.994939446 72.176361084
0.994669259 0.019862950 -0.101185858 -5.115024567 -0.019991979 0.999800086 -0.000261173 -0.766613007 0.101160444 0.002282686 0.994867504 72.850738525
0.994543076 0.020281048 -0.102336571 -5.190922737 -0.020188868 0.999794304 0.001936526 -0.781248868 0.102354802 0.000140101 0.994747937 73.506095886
0.994487822 0.017201019 -0.103431627 -5.254690170 -0.017428024 0.999847293 -0.001291335 -0.795190930 0.103393622 0.003086826 0.994635701 74.136436462
0.994545877 0.009085339 -0.103903838 -5.303842545 -0.009812095 0.999930799 -0.006485500 -0.808270991 0.103837729 0.007469642 0.994566202 74.752052307
0.994708419 0.005043451 -0.102614261 -5.361222267 -0.006215750 0.999918997 -0.011107782 -0.821290970 0.102549925 0.011686829 0.994659185 75.340530396
0.995020270 0.007410882 -0.099396892 -5.424553871 -0.008579304 0.999898970 -0.011332841 -0.832856297 0.099302866 0.012129162 0.994983315 75.918815613
0.995392978 0.012475518 -0.095064282 -5.491313457 -0.013296229 0.999879539 -0.008004662 -0.851162493 0.094952971 0.009231780 0.995438933 76.489395142
0.995817780 0.010736203 -0.090728648 -5.534256935 -0.011271334 0.999921978 -0.005387818 -0.856282413 0.090663724 0.006387918 0.995861053 77.051872253
0.996360481 0.007175394 -0.084936768 -5.571341515 -0.007284792 0.999972999 -0.000978121 -0.873033702 0.084927455 0.001593308 0.996385872 77.593620300
0.997049391 0.002442652 -0.076723464 -5.602759361 -0.002273713 0.999994814 0.002289206 -0.881741047 0.076728657 -0.002108004 0.997049809 78.122550964
0.997788787 0.006384188 -0.066157229 -5.629682541 -0.006263073 0.999978304 0.002037956 -0.890306652 0.066168807 -0.001619102 0.997807145 78.635330200
0.998627186 0.011728599 -0.051050227 -5.656128407 -0.011665441 0.999930799 0.001534957 -0.898468971 0.051064696 -0.000937326 0.998694897 79.141960144
0.999322772 0.016806528 -0.032734618 -5.675530434 -0.016747648 0.999857605 0.002072104 -0.904353440 0.032764781 -0.001522473 0.999461949 79.622428894
0.999823987 0.015411346 -0.010700648 -5.666100502 -0.015384113 0.999878228 0.002622623 -0.911087751 0.010739763 -0.002457542 0.999939322 80.106430054
0.999811471 0.011842452 0.015386540 -5.633185387 -0.011895914 0.999923527 0.003387738 -0.913926780 -0.015345245 -0.003570136 0.999875903 80.564582825
0.998936534 0.010819080 0.044819586 -5.589652061 -0.011065961 0.999924898 0.005263873 -0.927032173 -0.044759270 -0.005754247 0.998981237 81.022583008
0.996890783 0.010379985 0.078109391 -5.537962914 -0.010896952 0.999921441 0.006195168 -0.927262843 -0.078038946 -0.007027061 0.996925533 81.468757629
0.993273556 0.009935726 0.115364425 -5.455783367 -0.010772710 0.999919951 0.006633908 -0.932290256 -0.115289278 -0.007832072 0.993301094 81.914077759
0.987528801 0.010027716 0.157118872 -5.367798805 -0.011232086 0.999913931 0.006779296 -0.942077696 -0.157037377 -0.008459522 0.987556458 82.319198608
0.979232252 0.009659850 0.202511474 -5.254772186 -0.011246725 0.999914408 0.006686697 -0.948755920 -0.202429548 -0.008825420 0.979257047 82.740142822
0.967911482 0.012085013 0.251000613 -5.118420124 -0.013613888 0.999897838 0.004355608 -0.954570651 -0.250922322 -0.007632936 0.967977107 83.136383057
0.952381313 0.013501262 0.304610461 -4.968120098 -0.014507709 0.999894202 0.001040797 -0.955608189 -0.304564178 -0.005410435 0.952476442 83.524459839
0.932754636 0.014209530 0.360231787 -4.788167477 -0.014742058 0.999890506 -0.001269326 -0.960112870 -0.360210389 -0.004126588 0.932861984 83.891265869
0.908833802 0.013494434 0.416940033 -4.600521088 -0.013876034 0.999901474 -0.002115641 -0.981689930 -0.416927487 -0.003862708 0.908931553 84.202186584
0.879833221 0.013563621 0.475089014 -4.382184982 -0.013196525 0.999904513 -0.004107830 -0.988807678 -0.475099355 -0.002655319 0.879928172 84.532257080
0.846627891 0.012237282 0.532044649 -4.138340473 -0.010535122 0.999925077 -0.006234509 -0.995499849 -0.532081068 -0.000326844 0.846693397 84.832176208
0.809844732 0.011804843 0.586525500 -3.877507210 -0.009060680 0.999929965 -0.007614797 -1.004401088 -0.586574316 0.000852484 0.809894979 85.119812012
0.769757628 0.010802016 0.638244927 -3.604465485 -0.008314436 0.999941647 -0.006895919 -1.010778546 -0.638282180 0.000001540 0.769802511 85.394104004
0.727741897 0.009438247 0.685786247 -3.314485550 -0.009629875 0.999947369 -0.003542921 -1.032224536 -0.685783565 -0.004025703 0.727794468 85.631462097
0.682835221 0.008658634 0.730521142 -3.014345169 -0.008717376 0.999955118 -0.003703814 -1.032451153 -0.730520427 -0.003839132 0.682880104 85.847457886
0.637986183 0.007385007 0.770012438 -2.687942505 -0.004004223 0.999972284 -0.006272839 -1.030014277 -0.770037413 0.000918683 0.637998104 86.034233093
0.590933263 0.004662639 0.806707084 -2.357147217 0.001580797 0.999974668 -0.006937670 -1.039269090 -0.806719005 0.005374940 0.590910912 86.220054626
0.544502854 0.006532294 0.838733613 -2.022632599 -0.000247412 0.999970853 -0.007627437 -1.051967263 -0.838759005 0.003945649 0.544488668 86.387657166
0.497775376 0.009744440 0.867251337 -1.679325104 -0.003521365 0.999951363 -0.009214305 -1.054948807 -0.867298901 0.001532747 0.497785509 86.544647217
0.451625705 0.011453246 0.892134011 -1.343425751 -0.004078955 0.999933660 -0.010772289 -1.068016768 -0.892198205 0.001226069 0.451642454 86.687805176
0.408900023 0.009273717 0.912532151 -0.978221893 0.002099388 0.999936163 -0.011102695 -1.076396108 -0.912576854 0.006455651 0.408854425 86.817604065
0.368388593 0.001653329 0.929670453 -0.617855072 0.017591646 0.999807000 -0.008748879 -1.079967141 -0.929505467 0.019577419 0.368288398 86.914138794
0.332886994 -0.002053661 0.942964494 -0.251735687 0.021628231 0.999751210 -0.005457901 -1.084085703 -0.942718685 0.022211518 0.332848608 87.004806519
0.299538672 0.001953209 0.954082251 0.109035492 0.019224564 0.999782503 -0.008082414 -1.091679335 -0.953890502 0.020762809 0.299435973 87.100677490
0.268873632 0.010038570 0.963123143 0.480133057 0.008746298 0.999879003 -0.012863365 -1.102414846 -0.963135779 0.011882382 0.268753350 87.205657959
0.240361869 0.014461229 0.970575750 0.859867096 0.003929256 0.999866307 -0.015870726 -1.118433714 -0.970675528 0.007628359 0.240272939 87.290199280
0.214927673 0.015984461 0.976499259 1.248939514 0.005589691 0.999829531 -0.017596653 -1.133652925 -0.976614058 0.009240338 0.214801669 87.350090027
0.191619873 0.017273786 0.981317282 1.657661438 0.012346988 0.999723554 -0.020008760 -1.144224405 -0.981391668 0.015950389 0.191353619 87.409126282
0.171691000 0.022998935 0.984882474 2.068748474 0.019234253 0.999458611 -0.026692363 -1.148948789 -0.984963179 0.023526318 0.171155691 87.450103760
0.151773691 0.030293129 0.987950981 2.493576050 0.021567777 0.999190748 -0.033951115 -1.144605756 -0.988179982 0.026460791 0.150997460 87.504669189
0.133986056 0.031219499 0.990491390 2.933990479 0.019540062 0.999226093 -0.034138042 -1.156148434 -0.990790606 0.023928288 0.133272350 87.561035156
0.118878365 0.026856486 0.992545605 3.397239685 0.017799474 0.999415874 -0.029174250 -1.178179026 -0.992749274 0.021134980 0.118330896 87.611434937
0.104416907 0.023709891 0.994251013 3.864456177 0.017717158 0.999512792 -0.025696037 -1.197289705 -0.994375825 0.020298405 0.103945911 87.652084351
0.091197252 0.021110274 0.995609105 4.355064392 0.020376325 0.999526441 -0.023059795 -1.213538885 -0.995624363 0.022389844 0.090723932 87.686065674
0.079554856 0.020315930 0.996623456 4.854652405 0.024307322 0.999455452 -0.022313979 -1.226674557 -0.996534109 0.026000431 0.079017699 87.714843750
0.069360316 0.020637153 0.997378230 5.368179321 0.027202493 0.999375105 -0.022570206 -1.245430589 -0.997220755 0.028696651 0.068755567 87.741775513
0.061629236 0.021098778 0.997876167 5.894317627 0.029233787 0.999309480 -0.022934578 -1.260258079 -0.997671008 0.030585142 0.060969889 87.768043518
0.055876374 0.021661010 0.998202741 6.447052002 0.031015053 0.999244511 -0.023419749 -1.273885608 -0.997955859 0.032267921 0.055162370 87.796783447
0.050254822 0.022869000 0.998474658 7.014099121 0.032202002 0.999180913 -0.024505958 -1.287341833 -0.998217225 0.033384424 0.049477220 87.822265625
0.044102669 0.023355020 0.998753965 7.596496582 0.032560915 0.999161959 -0.024802376 -1.304682255 -0.998496234 0.033614196 0.043305278 87.848838806
0.039751589 0.023447253 0.998934567 8.197288513 0.035126176 0.999073923 -0.024848346 -1.319881678 -0.998592079 0.036076512 0.038891196 87.867263794
0.036967456 0.023559768 0.999038696 8.822807312 0.036373995 0.999027848 -0.024905460 -1.337252378 -0.998654246 0.037259724 0.036074579 87.885086060
0.033941746 0.022979025 0.999159575 9.460823059 0.037255198 0.999011695 -0.024241194 -1.356611609 -0.998729169 0.038046677 0.033052146 87.905326843
0.031549454 0.022434341 0.999250352 10.116920471 0.039413024 0.998942554 -0.023671821 -1.374177575 -0.998724759 0.040130313 0.030631900 87.922409058
0.030920506 0.022137305 0.999276757 10.795722961 0.043882586 0.998760641 -0.023483733 -1.391628981 -0.998558164 0.044576980 0.029910743 87.937911987
0.031814337 0.021740515 0.999257326 11.485206604 0.047327679 0.998609185 -0.023233231 -1.411314368 -0.998372674 0.048031680 0.030741215 87.957000732
0.034397840 0.021473307 0.999177635 12.198326111 0.049556497 0.998502672 -0.023164850 -1.433780193 -0.998178899 0.050312560 0.033282220 87.977272034
0.038182616 0.021574205 0.999038041 12.913444519 0.051239256 0.998409450 -0.023518974 -1.452016950 -0.997956395 0.052087974 0.037016451 88.004241943
0.042643964 0.021184074 0.998865783 13.653114319 0.051869661 0.998379946 -0.023388218 -1.471915245 -0.997743070 0.052808195 0.041476071 88.036079407
0.046572030 0.019467063 0.998725235 14.408599854 0.053408414 0.998331487 -0.021949902 -1.492959142 -0.997486115 0.054362584 0.045454621 88.068496704
0.050241649 0.017883852 0.998577178 15.174072266 0.052869730 0.998390138 -0.020540562 -1.513329744 -0.997336924 0.053826489 0.049215257 88.117271423
0.054667830 0.015733112 0.998380661 15.958755493 0.050209243 0.998567641 -0.018485341 -1.536271095 -0.997241437 0.051138490 0.053799570 88.164306641
0.058309793 0.014501202 0.998193324 16.755493164 0.049404230 0.998627424 -0.017393479 -1.557932973 -0.997075379 0.050329179 0.057513356 88.225906372
0.062440932 0.015776740 0.997924089 17.551315308 0.046278603 0.998753786 -0.018685555 -1.576546192 -0.996975243 0.047349270 0.061632991 88.278823853
0.065497994 0.019739866 0.997657478 18.358558655 0.044158421 0.998767495 -0.022660915 -1.605245590 -0.996875226 0.045539226 0.064545631 88.340072632
0.066947341 0.024994500 0.997443438 19.163799286 0.038530335 0.998875737 -0.027616512 -1.631073475 -0.997012317 0.040280681 0.065909028 88.401855469
0.066833436 0.027868584 0.997374892 19.973575592 0.035524197 0.998909593 -0.030291922 -1.663255095 -0.997131586 0.037455454 0.065770566 88.456848145
0.067043424 0.027872091 0.997360766 20.792842865 0.033329666 0.998989284 -0.030158056 -1.685518980 -0.997193277 0.035263602 0.066046655 88.521743774
0.067057550 0.025917886 0.997412503 21.599437714 0.030571396 0.999139845 -0.028018136 -1.720754385 -0.997280717 0.032371119 0.066207528 88.581947327
0.066643894 0.024772437 0.997469246 22.430702209 0.031850867 0.999129474 -0.026941720 -1.750392675 -0.997268319 0.033565760 0.065796852 88.654327393
0.066865742 0.023746608 0.997479379 23.262630463 0.028963977 0.999249220 -0.025730334 -1.793720722 -0.997341514 0.030611446 0.066127717 88.718315125
0.067179203 0.024242928 0.997446477 24.078678131 0.027463069 0.999281049 -0.026137194 -1.822618842 -0.997362971 0.029148819 0.066465139 88.777580261
0.066766262 0.024346067 0.997471690 24.887969971 0.024421515 0.999362886 -0.026026897 -1.861932278 -0.997469842 0.026097490 0.066129148 88.847038269
0.065640807 0.026129404 0.997501194 25.712341309 0.021848084 0.999379814 -0.027616335 -1.886067390 -0.997604132 0.023606248 0.065029204 88.906036377
0.062695205 0.026009329 0.997693837 26.526023865 0.018638629 0.999455512 -0.027226513 -1.915366054 -0.997858703 0.020302618 0.062176347 88.968185425
0.058857679 0.024851553 0.997956991 27.344985962 0.016107041 0.999536276 -0.025840845 -1.947529674 -0.998136401 0.017595066 0.058430076 89.022865295
0.054127693 0.022220219 0.998286784 28.159015656 0.014699570 0.999626279 -0.023047054 -1.978299379 -0.998425841 0.015921870 0.053780854 89.067398071
0.048481166 0.019933168 0.998625219 28.974990845 0.012614902 0.999708891 -0.020567227 -2.008558273 -0.998744488 0.013594682 0.048215568 89.105598450
0.040910363 0.020361202 0.998955488 29.791580200 0.012296245 0.999706388 -0.020880083 -2.035774231 -0.999087334 0.013137615 0.040647984 89.140136719
0.032554746 0.021372033 0.999241531 30.595741272 0.012257154 0.999687612 -0.021780908 -2.061772346 -0.999394894 0.012956930 0.032282650 89.164749146
0.022100687 0.021774627 0.999518573 31.395801544 0.012283533 0.999681413 -0.022049781 -2.089620113 -0.999680281 0.012764936 0.021826208 89.186927795
0.011860430 0.021116178 0.999706745 32.194873810 0.013862147 0.999677420 -0.021280022 -2.111205578 -0.999833643 0.014110473 0.011563897 89.194351196
0.000991404 0.020016558 0.999799192 32.990501404 0.013286059 0.999711156 -0.020027971 -2.141759872 -0.999911249 0.013303246 0.000725210 89.196273804
-0.010037184 0.019133396 0.999766588 33.777568817 0.015014152 0.999707103 -0.018981526 -2.168955564 -0.999836922 0.014820129 -0.010321498 89.185089111
-0.021194696 0.019533021 0.999584556 34.557704926 0.014784107 0.999705911 -0.019221919 -2.194843531 -0.999666095 0.014370562 -0.021477222 89.169029236
-0.032016873 0.020402452 0.999279022 35.346485138 0.014980728 0.999689102 -0.019930843 -2.217839479 -0.999375045 0.014331806 -0.032312512 89.139808655
-0.042658210 0.021554707 0.998857200 36.119430542 0.014553647 0.999674559 -0.020950802 -2.243717194 -0.998983741 0.013643291 -0.042958021 89.106727600
-0.053180456 0.022690378 0.998327255 36.886432648 0.015161928 0.999644935 -0.021912662 -2.266730547 -0.998469949 0.013971242 -0.053505540 89.066268921
-0.062273741 0.023185719 0.997789800 37.649375916 0.015989810 0.999624968 -0.022230413 -2.296754837 -0.997931004 0.014570097 -0.062621117 89.009544373
-0.072290182 0.023674488 0.997102678 38.416999817 0.016592313 0.999608457 -0.022531040 -2.324600458 -0.997245669 0.014915466 -0.072654724 88.957519531
-0.081651211 0.024275517 0.996365428 39.159404755 0.017481999 0.999584436 -0.022921316 -2.349674702 -0.996507764 0.015546908 -0.082041740 88.896011353
-0.089888096 0.023547798 0.995673537 39.904087067 0.018697806 0.999584138 -0.021952275 -2.378742933 -0.995776415 0.016643664 -0.090291023 88.823524475
-0.097472787 0.022331800 0.994987726 40.634357452 0.019911923 0.999591887 -0.020484494 -2.404075861 -0.995039105 0.017815437 -0.097877622 88.750900269
-0.102708340 0.021011764 0.994489670 41.360710144 0.023488959 0.999549329 -0.018692790 -2.427979946 -0.994434237 0.021439619 -0.103155613 88.671699524
-0.106270552 0.019265773 0.994150579 42.073467255 0.026684796 0.999507427 -0.016517090 -2.454270601 -0.993979096 0.024773426 -0.106732368 88.588241577
-0.109238267 0.018442700 0.993844569 42.772716522 0.028337298 0.999479294 -0.015432577 -2.473025084 -0.993611634 0.026477043 -0.109703898 88.512771606
-0.111185431 0.017354272 0.993648291 43.456157684 0.028208695 0.999499738 -0.014300031 -2.496598721 -0.993399441 0.026439566 -0.111619353 88.439857483
-0.111726522 0.018116409 0.993573785 44.127044678 0.029329015 0.999458373 -0.014925679 -2.512074709 -0.993306041 0.027472947 -0.112197399 88.363235474
-0.110818982 0.019201843 0.993655026 44.781219482 0.029761968 0.999429047 -0.015994167 -2.534265280 -0.993394792 0.027800674 -0.111327171 88.290916443
-0.107596755 0.020767346 0.993977726 45.413665771 0.031295132 0.999357104 -0.017492088 -2.554728508 -0.993701994 0.029224573 -0.108177423 88.218536377
-0.103166103 0.021164797 0.994438887 46.019779205 0.030746013 0.999363720 -0.018079927 -2.581123352 -0.994188786 0.028709795 -0.103751183 88.172454834
-0.094898701 0.021648606 0.995251656 46.609977722 0.030261694 0.999364197 -0.018852571 -2.604335546 -0.995027006 0.028328914 -0.095493436 88.117912292
-0.083281755 0.021709617 0.996289670 47.201881409 0.029219545 0.999386013 -0.019334577 -2.624976635 -0.996097684 0.027500914 -0.083864927 88.069969177
-0.069913983 0.022113133 0.997308075 47.753005981 0.027891908 0.999406755 -0.020204376 -2.646377087 -0.997163236 0.026404254 -0.070489287 88.047332764
-0.052849174 0.023333885 0.998329997 48.299522400 0.027577642 0.999379754 -0.021898536 -2.670436859 -0.998221815 0.026374269 -0.053459883 88.033584595
-0.031173825 0.026000267 0.999175847 48.837081909 0.025615631 0.999354064 -0.025205711 -2.690507889 -0.999185801 0.024808761 -0.031819701 88.028411865
-0.006923079 0.028833307 0.999560416 49.343917847 0.023293212 0.999317646 -0.028664980 -2.715600729 -0.999704838 0.023084523 -0.007589936 88.052215576
0.021495104 0.030403081 0.999306500 49.869174957 0.021505553 0.999292195 -0.030865228 -2.740877390 -0.999537587 0.022154091 0.020826042 88.077774048
0.054948866 0.030022582 0.998037755 50.362396240 0.019323798 0.999328673 -0.031125326 -2.760497093 -0.998302221 0.020996179 0.054331779 88.121292114
0.093176246 0.027372289 0.995273411 50.864204407 0.017953370 0.999413311 -0.029166924 -2.785697937 -0.995487869 0.020586180 0.092630208 88.182701111
0.135458469 0.023731844 0.990498841 51.370983124 0.015552895 0.999538958 -0.026075425 -2.807820320 -0.990661025 0.018937262 0.135026932 88.277359009
0.181342423 0.019136908 0.983233929 51.842296600 0.013123755 0.999674499 -0.021877375 -2.829454184 -0.983332574 0.016871018 0.181032240 88.379379272
0.229253173 0.016311670 0.973230183 52.333969116 0.008724306 0.999785006 -0.018811828 -2.845938206 -0.973327756 0.012803429 0.229061544 88.528457642
0.281242847 0.014799594 0.959522545 52.797771454 0.005090731 0.999844015 -0.016913639 -2.863622904 -0.959623158 0.009641511 0.281123638 88.694061279
0.336022317 0.014605027 0.941740870 53.250968933 0.003963789 0.999848962 -0.016920520 -2.878754854 -0.941845775 0.009418536 0.335913718 88.890632629
0.392344713 0.015183416 0.919692934 53.672950745 0.006296691 0.999795973 -0.019192049 -2.891305447 -0.919796705 0.013320922 0.392169058 89.115653992
0.453170180 0.017660484 0.891249120 54.089523315 0.007512167 0.999692559 -0.023629023 -2.916139603 -0.891392410 0.017403180 0.452898204 89.348731995
0.510683775 0.021605019 0.859497190 54.455947876 0.007996500 0.999521613 -0.029876037 -2.929662228 -0.859731495 0.022130178 0.510266721 89.635040283
0.569253266 0.025665356 0.821761608 54.824241638 0.003964909 0.999415338 -0.033960447 -2.945041418 -0.822152734 0.022590308 0.568818688 89.929138184
0.624492049 0.028634962 0.780506074 55.139301300 -0.000175655 0.999332786 -0.036522668 -2.961654186 -0.781031132 0.022671016 0.624080420 90.253021240
0.677361488 0.030129956 0.735033154 55.462093353 -0.002749201 0.999257624 -0.038427368 -2.976371527 -0.735645294 0.024008464 0.676941395 90.599723816
0.725830615 0.027360518 0.687329113 55.739196777 -0.002250763 0.999297738 -0.037402216 -2.997853756 -0.687869787 0.025600657 0.725382447 90.948150635
0.771360457 0.024608145 0.635922611 56.005405426 -0.005003972 0.999455750 -0.032605991 -3.012049198 -0.636378884 0.021968834 0.771063805 91.331375122
0.812559247 0.020112265 0.582531571 56.244770050 -0.006020712 0.999640822 -0.026115078 -3.020228386 -0.582847536 0.017712794 0.812388480 91.727035522
0.849083304 0.018007826 0.527952015 56.456295013 -0.008624423 0.999758124 -0.020230282 -3.029171467 -0.528188646 0.012623913 0.849033237 92.146606445
0.880034447 0.014537291 0.474687368 56.630527496 -0.009505332 0.999870360 -0.012998844 -3.041038513 -0.474814773 0.006927370 0.880058467 92.561637878
0.905540407 0.015316760 0.423983425 56.789016724 -0.013341594 0.999881923 -0.007626711 -3.053066015 -0.424050152 0.001249681 0.905637860 93.000862122
0.925486326 0.017511930 0.378376037 56.922271729 -0.017242920 0.999842942 -0.004099348 -3.069911242 -0.378388375 -0.002730416 0.925642908 93.429847717
0.940672040 0.022967529 0.338538915 57.036041260 -0.024011666 0.999711096 -0.001104129 -3.080329418 -0.338466465 -0.007090260 0.940951765 93.866386414
0.952419758 0.027693035 0.303528696 57.144332886 -0.028479747 0.999592662 -0.001835348 -3.088343620 -0.303455889 -0.006896397 0.952820539 94.326850891
0.961562753 0.030143945 0.272925615 57.251110077 -0.030707369 0.999525964 -0.002207903 -3.084131718 -0.272862792 -0.006257788 0.962032616 94.797210693
0.967677593 0.024914950 0.250956923 57.361858368 -0.025268741 0.999679029 -0.001812899 -3.095535755 -0.250921547 -0.004587063 0.967996538 95.269447327
0.971684575 0.020862363 0.235359028 57.473213196 -0.021191137 0.999774814 -0.001132593 -3.102117777 -0.235329658 -0.003887002 0.971907854 95.764137268
0.974562407 0.025491796 0.222661942 57.565052032 -0.025894813 0.999664068 -0.001109854 -3.113680601 -0.222615421 -0.004684167 0.974895060 96.238594055
0.976478875 0.030980414 0.213375837 57.651607513 -0.031606529 0.999500275 -0.000477209 -3.115431309 -0.213283986 -0.006278084 0.976970077 96.741668701
0.977560401 0.038776770 0.207055673 57.744384766 -0.039189022 0.999229610 -0.002111801 -3.116303205 -0.206978038 -0.006049896 0.978326857 97.250915527
0.977828562 0.044586584 0.204605281 57.830669403 -0.044354368 0.998999476 -0.005723240 -3.122817516 -0.204655737 -0.003478789 0.978827834 97.768333435
0.978067696 0.045462463 0.203265265 57.949272156 -0.044775236 0.998965204 -0.007980754 -3.135028124 -0.203417748 -0.001295531 0.979091167 98.301033020
0.977599025 0.043962993 0.205833510 58.065143585 -0.042484526 0.999029815 -0.011599221 -3.143392086 -0.206143737 0.002594649 0.978518307 98.841003418
0.976772785 0.042776879 0.209964439 58.179752350 -0.039869819 0.999041617 -0.018060807 -3.152030706 -0.210535794 0.009270061 0.977542222 99.390228271
0.976005137 0.042541105 0.213551402 58.312683105 -0.038528424 0.998994648 -0.022919055 -3.159625053 -0.214311719 0.014141315 0.976662934 99.943923950
0.974859178 0.047304638 0.217742607 58.437305450 -0.043436471 0.998802364 -0.022519892 -3.170967817 -0.218547121 0.012495755 0.975746393 100.520843506
0.973299682 0.050620168 0.223886922 58.558410645 -0.047615178 0.998688757 -0.018803932 -3.180560827 -0.224545211 0.007641446 0.974433720 101.118270874
0.972375274 0.047632053 0.228511423 58.702632904 -0.045757860 0.998861372 -0.013496084 -3.209174156 -0.228894085 0.002667066 0.973447680 101.710731506
0.971677303 0.043337476 0.232303753 58.856231689 -0.042619005 0.999058425 -0.008113288 -3.220442533 -0.232436642 -0.002017056 0.972609460 102.327285767
0.970947802 0.040663898 0.235810876 59.015491486 -0.040987380 0.999153435 -0.003531924 -3.229103565 -0.235754862 -0.006235954 0.971792579 102.959777832
0.970357001 0.035892505 0.238995895 59.170845032 -0.036301389 0.999337256 -0.002692146 -3.241164684 -0.238934129 -0.006063540 0.971016824 103.578506470
0.970387816 0.032898266 0.239301339 59.330551147 -0.032441903 0.999456525 -0.005846840 -3.253006935 -0.239363641 -0.002089688 0.970927715 104.219635010
0.970508814 0.032246206 0.238899305 59.491100311 -0.030068718 0.999466479 -0.012754513 -3.265314102 -0.239183128 0.005194972 0.970960557 104.871551514
0.970622182 0.034731001 0.238088995 59.649021149 -0.030971488 0.999329746 -0.019514175 -3.276077747 -0.238607168 0.011566919 0.971047282 105.524063110
0.971267879 0.037477147 0.235019565 59.808216095 -0.032893360 0.999185026 -0.023395244 -3.287546873 -0.235704809 0.014992467 0.971709073 106.198852539
0.971782327 0.036306743 0.233068570 59.964866638 -0.032778729 0.999282122 -0.018993946 -3.299124241 -0.233590856 0.010818291 0.972274780 106.900688171
0.972247839 0.032153901 0.231733099 60.137130737 -0.030378714 0.999475420 -0.011225822 -3.318797112 -0.231972486 0.003874528 0.972714603 107.602722168
0.972838461 0.032724977 0.229160234 60.304340363 -0.032274131 0.999462724 -0.005715988 -3.330024481 -0.229224160 -0.001835214 0.973371923 108.324951172
0.973105729 0.035902925 0.227543786 60.461605072 -0.035443995 0.999353051 -0.006104069 -3.349281311 -0.227615729 -0.002125156 0.973748744 109.046730042
0.973429322 0.041540395 0.225188285 60.620517731 -0.040089000 0.999135375 -0.011015981 -3.356781006 -0.225451201 0.001695707 0.974252999 109.780464172
0.974256933 0.042355146 0.221426010 60.776649475 -0.039760251 0.999078453 -0.016165290 -3.372910023 -0.221906647 0.006945192 0.975043178 110.515861511
0.975234270 0.040897258 0.217360333 60.945331573 -0.037641708 0.999108791 -0.019098816 -3.387920141 -0.217947707 0.010444006 0.975904584 111.270545959
0.976119757 0.038574003 0.213780776 61.107864380 -0.035653878 0.999210954 -0.017499745 -3.405225992 -0.214287132 0.009459733 0.976724923 112.044784546
0.976993442 0.034858398 0.210401177 61.278705597 -0.032300394 0.999356747 -0.015583090 -3.420747042 -0.210809037 0.008428535 0.977490902 112.828758240
0.977409303 0.033817776 0.208632171 61.441032410 -0.031854227 0.999410987 -0.012765241 -3.439246178 -0.208940983 0.005831049 0.977910876 113.611915588
0.977766991 0.030800337 0.207420126 61.610370636 -0.029318348 0.999517918 -0.010215868 -3.454303265 -0.207634792 0.003907523 0.978198588 114.414482117
0.977941751 0.025490936 0.207316637 61.780605316 -0.024154872 0.999667943 -0.008973782 -3.474752903 -0.207476556 0.003768129 0.978232741 115.206771851
0.978036642 0.026489140 0.206742927 61.944454193 -0.025547987 0.999647498 -0.007221226 -3.489842892 -0.206861347 0.001780759 0.978368640 116.011253357
0.977781534 0.031968292 0.207174614 62.100685120 -0.030748021 0.999485672 -0.009108281 -3.508385420 -0.207359239 0.002535701 0.978261590 116.821731567
0.977562904 0.037065759 0.207356989 62.272991180 -0.035235535 0.999300659 -0.012514099 -3.523141623 -0.207675815 0.004926985 0.978185296 117.641494751
0.977000952 0.045668222 0.208287299 62.435169220 -0.043656312 0.998944998 -0.014248516 -3.534021378 -0.208718255 0.004827758 0.977963924 118.470741272
0.976137400 0.051439613 0.210973263 62.602737427 -0.049637083 0.998671532 -0.013834259 -3.551542044 -0.211404622 0.003032041 0.977393925 119.299957275
0.975345075 0.054169085 0.213933796 62.772811890 -0.052859604 0.998531759 -0.011841022 -3.574359655 -0.214261100 0.000240627 0.976776421 120.138465881
0.974731803 0.054735381 0.216568649 62.952369690 -0.053308792 0.998500705 -0.012428132 -3.600773811 -0.216924220 0.000569082 0.976188302 120.968177795
0.974399865 0.053082187 0.218465403 63.133079529 -0.050895277 0.998581707 -0.015629688 -3.610104561 -0.218985200 0.004110708 0.975719512 121.802375793
0.974305153 0.047364615 0.220195428 63.320228577 -0.045372125 0.998870611 -0.014100326 -3.634589195 -0.220614597 0.003747287 0.975353837 122.644973755
0.974668860 0.040866010 0.219887808 63.527919769 -0.038424920 0.999143302 -0.015368885 -3.667414665 -0.220327482 0.006530404 0.975404084 123.468750000
0.974369049 0.040365320 0.221304193 63.711235046 -0.037924975 0.999163985 -0.015266979 -3.691497087 -0.221735433 0.006482717 0.975085318 124.307945251
0.973783612 0.042556699 0.223460063 63.893142700 -0.040800415 0.999089479 -0.012472813 -3.711327791 -0.223787397 0.003028558 0.974633276 125.146896362
0.973481953 0.044333979 0.224426731 64.081489563 -0.043860447 0.999012470 -0.007097390 -3.725373268 -0.224519759 -0.002934275 0.974465132 125.977149963
0.973112226 0.047952209 0.225284576 64.258972168 -0.048562624 0.998816133 -0.002834439 -3.746057034 -0.225153789 -0.008182180 0.974288881 126.807052612
0.972820759 0.047376465 0.226660967 64.441017151 -0.046464693 0.998876095 -0.009359352 -3.766069412 -0.226849630 -0.001426758 0.973928750 127.631561279
0.973197103 0.043148112 0.225888535 64.639854431 -0.038803857 0.998967171 -0.023638861 -3.793448210 -0.226675212 0.014239925 0.973866284 128.436782837
