1.000000000 0.000000000 0.000000000 0.000000000 0.000000000 1.000000000 0.000000000 0.000000000 0.000000000 0.000000000 1.000000000 0.000000000
0.999990880 -0.002730954 -0.003292319 -0.004506053 0.002723010 0.999993384 -0.002414819 -0.000393755 0.003298892 0.002405832 0.999991655 0.677115440
0.999973536 -0.001237009 -0.007170834 -0.015053443 0.001211809 0.999993086 -0.003517400 -0.009807223 0.007175135 0.003508618 0.999968112 1.364242435
0.999938071 -0.001296627 -0.011054710 -0.034393579 0.001239872 0.999986053 -0.005139345 -0.009722572 0.011061219 0.005125321 0.999925673 2.071388245
0.999870062 0.000076146 -0.016118666 -0.050793063 -0.000168004 0.999983728 -0.005697560 -0.017566083 0.016117970 0.005699528 0.999853849 2.797903299
0.999791563 -0.001130765 -0.020384643 -0.071026713 0.001011891 0.999982417 -0.005840937 -0.026467770 0.020390889 0.005819093 0.999775171 3.540518761
0.999690711 0.000745899 -0.024858475 -0.098214142 -0.000935639 0.999970496 -0.007622047 -0.026267355 0.024852056 0.007642948 0.999661922 4.300305843
0.999552846 0.003577978 -0.029686170 -0.130388767 -0.003817447 0.999960601 -0.008013917 -0.039359644 0.029656326 0.008123660 0.999527156 5.066254139
0.999408901 0.003490303 -0.034200970 -0.156780377 -0.003710196 0.999972820 -0.006368062 -0.048279662 0.034177814 0.006491191 0.999394715 5.860903263
0.999242723 0.002696965 -0.038816996 -0.189804271 -0.002850857 0.999988317 -0.003909737 -0.053122554 0.038805999 0.004017438 0.999238670 6.662280083
0.999107897 0.002132656 -0.042177163 -0.228349239 -0.002181457 0.999997020 -0.001111050 -0.064379640 0.042174667 0.001202067 0.999109507 7.471871853
0.998978734 0.003949143 -0.045010529 -0.265729100 -0.004031890 0.999990344 -0.001747773 -0.076326407 0.045003191 0.001927465 0.998984993 8.281624794
0.998891771 0.003350469 -0.046947274 -0.313188881 -0.003471041 0.999990880 -0.002486944 -0.078891404 0.046938516 0.002647144 0.998894274 9.100134850
0.998791039 0.000489576 -0.049155578 -0.346355706 -0.000630426 0.999995768 -0.002849925 -0.086826496 0.049153972 0.002877469 0.998787045 9.936221123
0.998697639 0.000297646 -0.051019233 -0.394605756 -0.000403175 0.999997795 -0.002058145 -0.093817569 0.051018506 0.002076034 0.998695552 10.773419380
0.998620391 -0.001081283 -0.052498601 -0.444786966 0.000958497 0.999996722 -0.002363960 -0.102289461 0.052500986 0.002310379 0.998618186 11.622161865
0.998513222 0.001334137 -0.054494020 -0.496890724 -0.001581988 0.999988616 -0.004505331 -0.113999285 0.054487389 0.004584841 0.998503923 12.473428726
0.998426497 0.001616954 -0.056052893 -0.546978056 -0.002037985 0.999970138 -0.007454970 -0.119854599 0.056039166 0.007557475 0.998399973 13.344736099
0.998291314 0.005719145 -0.058153253 -0.594643831 -0.006249095 0.999940574 -0.008935217 -0.136209816 0.058098692 0.009283355 0.998267651 14.228019714
0.998219550 0.006768598 -0.059261460 -0.652083695 -0.007290200 0.999936521 -0.008589943 -0.149377763 0.059199557 0.009006676 0.998205543 15.106096268
0.998143852 0.005687664 -0.060633961 -0.709229589 -0.006085346 0.999961138 -0.006376096 -0.171504378 0.060595337 0.006733240 0.998139679 16.006725311
0.998073757 0.006210790 -0.061727114 -0.774823666 -0.006547896 0.999964714 -0.005260450 -0.180568084 0.061692268 0.005654500 0.998079181 16.900728226
0.998012722 0.005187928 -0.062798619 -0.830554128 -0.005501666 0.999973238 -0.004824040 -0.197434366 0.062771909 0.005159950 0.998014569 17.805320740
0.997900903 0.005167456 -0.064552501 -0.889269173 -0.005555964 0.999967515 -0.005840425 -0.209050059 0.064520225 0.006186817 0.997897208 18.715486526
0.997837424 0.003931643 -0.065613061 -0.952167511 -0.004382536 0.999967754 -0.006729491 -0.221057147 0.065584481 0.007002489 0.997822464 19.616628647
0.997770071 0.003768444 -0.066638723 -1.004311681 -0.004126589 0.999977767 -0.005237593 -0.228578761 0.066617504 0.005500904 0.997763395 20.539567947
0.997783959 0.005256500 -0.066328883 -1.075152397 -0.005396376 0.999983549 -0.001929838 -0.240697831 0.066317655 0.002283497 0.997795939 21.462923050
0.997826278 0.005725847 -0.065649688 -1.137865424 -0.005607633 0.999982297 0.001984793 -0.254216671 0.065659888 -0.001612339 0.997840762 22.389883041
0.997931659 0.004579738 -0.064120270 -1.195067525 -0.004258724 0.999977708 0.005142213 -0.263700634 0.064142391 -0.004858506 0.997928917 23.330209732
0.998032868 0.004696701 -0.062516883 -1.261435986 -0.004334719 0.999973059 0.005924515 -0.269429505 0.062543027 -0.005641867 0.998026311 24.268274307
0.998127818 0.005369721 -0.060926016 -1.318847418 -0.005195679 0.999981940 0.003014671 -0.276090413 0.060941108 -0.002692475 0.998137712 25.210569382
0.998179317 0.006190199 -0.059997663 -1.383056998 -0.006320152 0.999978065 -0.001976433 -0.283030689 0.059984114 0.002352028 0.998196542 26.152051926
0.998250425 0.005294838 -0.058890507 -1.438426733 -0.005569389 0.999974370 -0.004498888 -0.295047134 0.058865175 0.004819002 0.998254299 27.103017807
0.998301148 0.003101531 -0.058182396 -1.493026972 -0.003320446 0.999987781 -0.003666266 -0.305515081 0.058170315 0.003853230 0.998299241 28.063945770
0.998298168 0.001259396 -0.058302637 -1.549105048 -0.001184961 0.999998450 0.001311257 -0.317534864 0.058304198 -0.001239939 0.998298109 29.037521362
0.998229682 -0.002435248 -0.059426855 -1.598548293 0.002726717 0.999984622 0.004824070 -0.327181965 0.059414197 -0.004977570 0.998220980 30.010398865
0.998120189 -0.009904309 -0.060480971 -1.650521874 0.010165001 0.999940336 0.004004157 -0.333230466 0.060437705 -0.004611420 0.998161316 30.978902817
0.998012185 -0.012136868 -0.061841894 -1.706014276 0.012172263 0.999925911 0.000195627 -0.342365652 0.061834935 -0.000947994 0.998085916 31.947404861
0.997923255 -0.012238306 -0.063241124 -1.769167662 0.012040932 0.999921381 -0.003501163 -0.351844490 0.063279003 0.002732410 0.997992158 32.923313141
0.997786164 -0.011015388 -0.065584891 -1.835568666 0.010757263 0.999932945 -0.004287592 -0.361165285 0.065627724 0.003572586 0.997837782 33.914112091
0.997759700 -0.010740534 -0.066031970 -1.908196330 0.010560297 0.999939501 -0.003077993 -0.374364465 0.066061035 0.002373780 0.997812748 34.900711060
0.997681201 -0.007867103 -0.067604601 -1.979668021 0.007870375 0.999969006 -0.000217939 -0.384150892 0.067604221 -0.000314640 0.997712195 35.909084320
0.997611761 -0.007788308 -0.068630695 -2.053176403 0.007878215 0.999968410 0.001039428 -0.396519005 0.068620436 -0.001577633 0.997641563 36.900112152
0.997551143 -0.006409370 -0.069646858 -2.124061346 0.006657124 0.999972284 0.003325772 -0.401309222 0.069623619 -0.003781276 0.997566164 37.892036438
0.997568429 -0.006531219 -0.069387481 -2.190031052 0.007007448 0.999953508 0.006622125 -0.415843129 0.069341004 -0.007092252 0.997567832 38.870140076
0.997540951 -0.000925056 -0.070080154 -2.276808739 0.001542052 0.999960542 0.008750553 -0.417065471 0.070069291 -0.008837103 0.997502983 39.885677338
0.997527719 -0.000735840 -0.070270494 -2.359288692 0.001307685 0.999966383 0.008092112 -0.423652619 0.070262179 -0.008163997 0.997495174 40.887729645
0.997534335 -0.000406087 -0.070179343 -2.423373699 0.000842850 0.999980450 0.006194033 -0.424230456 0.070175454 -0.006237911 0.997515142 41.873466492
0.997521341 0.001612817 -0.070345856 -2.497188807 -0.001323438 0.999990463 0.004160072 -0.433709592 0.070351891 -0.004056662 0.997514009 42.865348816
0.997472942 0.001305011 -0.071035713 -2.575042486 -0.001021064 0.999991357 0.004033401 -0.438304037 0.071040362 -0.003950676 0.997465611 43.855541229
0.997383654 -0.000702501 -0.072286658 -2.645600080 0.001083308 0.999985754 0.005228936 -0.448006779 0.072281957 -0.005293563 0.997370183 44.842262268
0.997334421 -0.000225537 -0.072965570 -2.722495317 0.000714699 0.999977469 0.006677973 -0.465675175 0.072962418 -0.006712321 0.997312129 45.819431305
0.997313976 0.002294335 -0.073209345 -2.802900314 -0.002079441 0.999993324 0.003011411 -0.472457230 0.073215768 -0.002851088 0.997312069 46.795928955
0.997226536 0.002482368 -0.074384958 -2.876339674 -0.002584488 0.999995828 -0.001276625 -0.477999151 0.074381478 0.001465332 0.997228801 47.766433716
0.997181177 0.004068488 -0.074921302 -2.953979254 -0.004254060 0.999988258 -0.002317481 -0.491770029 0.074910998 0.002629668 0.997186780 48.722755432
0.997196317 0.002783874 -0.074777797 -3.032020330 -0.002679503 0.999995291 0.001496025 -0.509545982 0.074781604 -0.001291463 0.997199118 49.706134796
0.997165084 0.000780135 -0.075241074 -3.097035170 -0.000438576 0.999989510 0.004555946 -0.524766922 0.075243846 -0.004510031 0.997154951 50.672637939
0.997141004 -0.000730562 -0.075560167 -3.172511101 0.001107855 0.999987125 0.004951480 -0.530022383 0.075555578 -0.005021033 0.997128963 51.640483856
0.997119129 -0.004721352 -0.075704269 -3.243797302 0.005013308 0.999980688 0.003666955 -0.535552561 0.075685501 -0.004035919 0.997123599 52.589622498
0.997078836 -0.006778435 -0.076077558 -3.311167240 0.006991092 0.999972343 0.002529284 -0.553510547 0.076058306 -0.003053761 0.997098684 53.551746368
0.996993124 -0.008254647 -0.077049255 -3.384106159 0.008567954 0.999956310 0.003736638 -0.567826927 0.077015042 -0.004385557 0.997020304 54.499492645
0.996855676 -0.012265084 -0.078283429 -3.457781553 0.012934570 0.999883950 0.008050735 -0.573692501 0.078175597 -0.009037984 0.996898651 55.456398010
0.996830940 -0.012425949 -0.078572780 -3.541855574 0.013446425 0.999831796 0.012471930 -0.572482765 0.078404583 -0.013488929 0.996830344 56.403541565
0.996782064 -0.011313014 -0.079357132 -3.617224693 0.012570998 0.999802828 0.015370529 -0.581225038 0.079167604 -0.016318666 0.996727765 57.351360321
0.996669292 -0.010045375 -0.080928266 -3.692615032 0.010981645 0.999877751 0.011132361 -0.580788136 0.080806546 -0.011984008 0.996657729 58.283817291
0.996581316 -0.008299550 -0.082199700 -3.773829460 0.008620080 0.999956548 0.003545279 -0.587215960 0.082166709 -0.004241727 0.996609569 59.206871033
0.996548712 -0.006534638 -0.082752213 -3.860058546 0.006447520 0.999978364 -0.001319950 -0.596010804 0.082759045 0.000781848 0.996569276 60.119205475
0.996478856 -0.001769012 -0.083825797 -3.941297531 0.001739869 0.999998391 -0.000420711 -0.608409643 0.083826408 0.000273384 0.996480346 61.022644043
0.996362209 0.000540655 -0.085217789 -4.024953842 -0.000376942 0.999998033 0.001937199 -0.617935061 0.085218668 -0.001898030 0.996360481 61.923912048
0.996274710 0.002968134 -0.086184889 -4.107509136 -0.002687904 0.999990702 0.003367357 -0.629925311 0.086194083 -0.003123156 0.996273458 62.810802460
0.996184945 0.003705850 -0.087188244 -4.190630436 -0.003456569 0.999989510 0.003009910 -0.637204170 0.087198488 -0.002697055 0.996187329 63.675151825
0.996025562 0.005960501 -0.088868201 -4.268189907 -0.005656979 0.999977291 0.003666890 -0.644898891 0.088888034 -0.003149590 0.996036649 64.534973145
0.995925069 0.007185922 -0.089897640 -4.354292870 -0.006806382 0.999966562 0.004527763 -0.666374326 0.089927174 -0.003897435 0.995940745 65.365303040
0.995773375 0.006688745 -0.091600552 -4.428799152 -0.006261104 0.999968112 0.004955112 -0.671987116 0.091630779 -0.004360648 0.995783508 66.192329407
0.995679319 0.006416995 -0.092636511 -4.508494854 -0.005884414 0.999964535 0.006021159 -0.680648744 0.092671864 -0.005450032 0.995681763 67.004875183
0.995542049 0.009087558 -0.093880124 -4.595937252 -0.008313624 0.999928176 0.008631675 -0.683884561 0.093951821 -0.007812711 0.995546103 67.802696228
0.995386243 0.010365477 -0.095387623 -4.672008514 -0.009177460 0.999874890 0.012884925 -0.695551991 0.095509246 -0.011950062 0.995356798 68.593505859
0.995171547 0.013772610 -0.097179547 -4.752718449 -0.012401800 0.999815106 0.014695938 -0.700837076 0.097363986 -0.013419778 0.995158374 69.376693726
0.995005786 0.016539883 -0.098437645 -4.833783627 -0.015565872 0.999822080 0.010654533 -0.712196231 0.098596357 -0.009069054 0.995086193 70.128005981
0.994860947 0.016284656 -0.099932492 -4.907829762 -0.016035961 0.999866009 0.003291450 -0.718950987 0.099972703 -0.001672022 0.994988799 70.851470947
0.994740307 0.015613061 -0.101232119 -4.986416817 -0.015950447 0.999869585 -0.002524166 -0.726231098 0.101179510 0.004125587 0.994859636 71.553405762
0.994668186 0.016362503 -0.101820618 -5.063561440 -0.016825529 0.999851644 -0.003690254 -0.732462406 0.101745129 0.005383764 0.994795918 72.241142273
0.994573057 0.019102585 -0.102271564 -5.140945911 -0.019205566 0.999815583 -0.000022279 -0.746103823 0.102252275 0.001986341 0.994756520 72.918357849
0.994429052 0.019508002 -0.103586979 -5.215553761 -0.019371776 0.999809682 0.002321059 -0.762747169 0.103612542 -0.000301465 0.994617701 73.573028564
0.994395971 0.016353045 -0.104447439 -5.285188198 -0.016558716 0.999862313 -0.001102251 -0.773139536 0.104415029 0.002825589 0.994529784 74.206558228
0.994437218 0.008010018 -0.105026074 -5.328781605 -0.008727218 0.999941647 -0.006370998 -0.785357237 0.104968913 0.007252142 0.994449079 74.826828003
0.994609833 0.004048686 -0.103609376 -5.396408558 -0.005209514 0.999926627 -0.010935732 -0.800971389 0.103557497 0.011416540 0.994557917 75.414314270
0.994929910 0.006320537 -0.100371845 -5.460212708 -0.007462329 0.999911606 -0.011004239 -0.814494431 0.100293420 0.011697454 0.994889140 75.993179321
0.995320022 0.011610283 -0.095933825 -5.531864643 -0.012423573 0.999891758 -0.007884651 -0.829088688 0.095831901 0.009039592 0.995356500 76.563819885
0.995763659 0.009931969 -0.091411561 -5.579023361 -0.010451716 0.999931812 -0.005208843 -0.836570144 0.091353595 0.006142184 0.995799601 77.119956970
0.996298850 0.006381191 -0.085719474 -5.614369869 -0.006471768 0.999978781 -0.000778824 -0.851732790 0.085712686 0.001330698 0.996318996 77.656105042
0.996983111 0.001630409 -0.077601947 -5.648221493 -0.001433452 0.999995589 0.002593680 -0.862757444 0.077605836 -0.002474616 0.996981025 78.194931030
0.997733414 0.005341169 -0.067078307 -5.677022934 -0.005182538 0.999983370 0.002538666 -0.877130985 0.067090750 -0.002185276 0.997744501 78.710449219
0.998599231 0.010583780 -0.051841151 -5.705554485 -0.010504213 0.999943197 0.001807050 -0.882969379 0.051857330 -0.001259968 0.998653710 79.216781616
0.999296010 0.015874797 -0.033992618 -5.719715595 -0.015788114 0.999871373 0.002816958 -0.892063141 0.034032967 -0.002278296 0.999418139 79.702171326
0.999831975 0.014320259 -0.011444087 -5.719922066 -0.014280007 0.999891579 0.003591315 -0.901827216 0.011494275 -0.003427290 0.999928057 80.183906555
0.999837339 0.010752960 0.014481157 -5.681807995 -0.010811000 0.999933839 0.003935704 -0.899389625 -0.014437878 -0.004091619 0.999887407 80.649261475
0.998998582 0.009448192 0.043733127 -5.636275768 -0.009710329 0.999936104 0.005785444 -0.912934840 -0.043675672 -0.006204313 0.999026477 81.101776123
0.996986628 0.009076886 0.077040732 -5.587769032 -0.009647619 0.999928713 0.007039244 -0.915899754 -0.076971345 -0.007761292 0.997003078 81.551895142
0.993427098 0.008796526 0.114128120 -5.504084587 -0.009733847 0.999923289 0.007658209 -0.923244953 -0.114051998 -0.008718777 0.993436515 81.990875244
0.987721384 0.008519412 0.155993342 -5.422536850 -0.009846989 0.999921560 0.007739677 -0.932534218 -0.155915156 -0.009180709 0.987727761 82.396392822
0.979556203 0.008005722 0.201011196 -5.309027195 -0.009767589 0.999922097 0.007774712 -0.938335001 -0.200933293 -0.009579162 0.979558110 82.810630798
0.968255281 0.010244222 0.249753311 -5.167674541 -0.011982117 0.999913394 0.005439021 -0.943619549 -0.249675959 -0.008258933 0.968294203 83.220153809
0.952730894 0.011586088 0.303594530 -5.022503853 -0.012953699 0.999912977 0.002491180 -0.950341940 -0.303539246 -0.006306096 0.952798069 83.606086731
0.933448017 0.012468509 0.358495981 -4.830124855 -0.013265715 0.999911964 -0.000235864 -0.947398722 -0.358467340 -0.004535538 0.933531225 83.974166870
0.909528017 0.012216868 0.415463030 -4.633165359 -0.012666475 0.999918401 -0.001673691 -0.957071662 -0.415449589 -0.003740184 0.909608483 84.311637878
0.880456507 0.013007534 0.473948479 -4.436813831 -0.012868517 0.999910951 -0.003536683 -0.963384748 -0.473952264 -0.002985119 0.880545497 84.613677979
0.847276032 0.011641094 0.531025231 -4.194157124 -0.010388714 0.999931753 -0.005344737 -0.971916974 -0.531051219 -0.000988201 0.847339153 84.914695740
0.810335755 0.011382734 0.585855305 -3.935461044 -0.009129665 0.999935210 -0.006800149 -0.979637325 -0.585894763 0.000161741 0.810387135 85.212097168
0.769780517 0.010135042 0.638228238 -3.664246559 -0.008143448 0.999948502 -0.006057164 -0.988082528 -0.638256729 -0.000534691 0.769823432 85.500724792
0.727370143 0.009776124 0.686175704 -3.367444992 -0.009593249 0.999945700 -0.004077307 -0.994181931 -0.686178327 -0.003616943 0.727424383 85.753036499
0.680968404 0.009399730 0.732252538 -3.064563751 -0.007129481 0.999955356 -0.006205999 -0.972154498 -0.732278168 -0.000994491 0.681004941 86.009017944
0.636783838 0.007492937 0.771005988 -2.732286453 -0.002798859 0.999968648 -0.007406473 -0.982233107 -0.771037340 0.002558385 0.636784792 86.179061890
0.589963853 0.004474042 0.807417393 -2.398838043 0.003150567 0.999964297 -0.007843036 -0.993383050 -0.807423592 0.007170931 0.589928687 86.361343384
0.543730021 0.006319831 0.839236438 -2.064083099 0.001201480 0.999964774 -0.008308611 -1.006380558 -0.839259386 0.005525967 0.543703198 86.525207520
0.496828377 0.009593090 0.867795825 -1.716781616 -0.001099334 0.999945045 -0.010424553 -1.002711296 -0.867848158 0.004225217 0.496811628 86.691131592
0.452554226 0.011058016 0.891668379 -1.375614166 -0.003185637 0.999936759 -0.010783878 -1.028547287 -0.891731262 0.002039760 0.452560842 86.800117493
0.406391263 0.009582069 0.913648963 -1.048828125 0.001995352 0.999933302 -0.011374528 -1.039012074 -0.913697004 0.006445561 0.406345069 86.955070496
0.366398811 0.001765147 0.930456340 -0.679340363 0.017109836 0.999816358 -0.008634310 -1.045268536 -0.930300653 0.019083556 0.366301298 87.049560547
0.331148565 -0.001142825 0.943578005 -0.307979584 0.021407934 0.999750972 -0.006302255 -1.041608810 -0.943335831 0.022287037 0.331090569 87.142333984
0.298461258 0.002644057 0.954418063 0.061649323 0.019361295 0.999773622 -0.008824282 -1.051856518 -0.954225361 0.021112477 0.298342526 87.236183167
0.267113268 0.010201372 0.963611186 0.426418304 0.008739501 0.999877214 -0.013007899 -1.064208627 -0.963625550 0.011896065 0.266991317 87.336837769
0.238889337 0.014855834 0.970933199 0.806221008 0.003993863 0.999859452 -0.016281078 -1.077028751 -0.971038640 0.007767150 0.238796413 87.417282104
0.213297665 0.016176505 0.976853371 1.202987671 0.005020808 0.999831557 -0.017653324 -1.095548749 -0.976974368 0.008670006 0.213180482 87.488082886
0.189820766 0.017160458 0.981668770 1.606246948 0.012010689 0.999731839 -0.019798668 -1.110719442 -0.981745303 0.015548717 0.189563811 87.537872314
0.169754684 0.023441549 0.985207677 2.027145386 0.018988077 0.999453664 -0.027052231 -1.111382008 -0.985303581 0.023299443 0.169216812 87.583557129
0.149949491 0.030617252 0.988219500 2.456916809 0.020957265 0.999197423 -0.034137368 -1.107570410 -0.988471568 0.025829261 0.149187505 87.638092041
0.132501960 0.031272881 0.990689397 2.893753052 0.018607765 0.999247491 -0.034031775 -1.122489929 -0.991008162 0.022943793 0.131820321 87.688278198
0.117238760 0.027491968 0.992723167 3.356300354 0.017632220 0.999401569 -0.029759249 -1.135982513 -0.992947221 0.020992847 0.116683841 87.740898132
0.102911234 0.024631720 0.994385600 3.828147888 0.017847382 0.999486685 -0.026605150 -1.152012944 -0.994530499 0.020485150 0.102418780 87.781051636
0.090061784 0.021270150 0.995709062 4.313758850 0.019402424 0.999544680 -0.023107033 -1.179086208 -0.995747209 0.021400228 0.089608073 87.808906555
0.077976763 0.020715255 0.996739924 4.810523987 0.023561072 0.999466598 -0.022615148 -1.191502810 -0.996676743 0.025247717 0.077447116 87.842720032
0.068235457 0.021227604 0.997443378 5.323013306 0.026854387 0.999372303 -0.023105770 -1.205844879 -0.997307718 0.028362362 0.067622542 87.862815857
0.060274124 0.022075081 0.997937679 5.841537476 0.029113544 0.999291241 -0.023863439 -1.217541933 -0.997757137 0.030491851 0.059588730 87.890014648
0.054569125 0.022157945 0.998264074 6.389442444 0.030563131 0.999248266 -0.023850491 -1.236401320 -0.998042107 0.031811576 0.053850889 87.919334412
0.049020231 0.023085624 0.998531103 6.951957703 0.031230468 0.999208570 -0.024634471 -1.251524448 -0.998309553 0.032392181 0.048260450 87.942741394
0.042982161 0.023655005 0.998795807 7.532806396 0.031830747 0.999179721 -0.025033904 -1.267490864 -0.998568654 0.032868426 0.042193949 87.966201782
0.038729548 0.023813916 0.998965979 8.134201050 0.034284104 0.999095738 -0.025146194 -1.284136295 -0.998661458 0.035222553 0.037878096 87.983398438
0.035914838 0.024157554 0.999062836 8.755424500 0.035639938 0.999040902 -0.025438227 -1.300188303 -0.998719156 0.036520146 0.035019398 88.000778198
0.032931805 0.023633590 0.999178171 9.394966125 0.036298186 0.999032557 -0.024826495 -1.317485929 -0.998798251 0.037085932 0.032042086 88.018066406
0.030703247 0.022881370 0.999266624 10.044876099 0.040571246 0.998885512 -0.024119226 -1.345286846 -0.998704851 0.041282032 0.029740691 88.030685425
0.029966831 0.022286709 0.999302506 10.719398499 0.045324821 0.998692751 -0.023632308 -1.368493557 -0.998522818 0.046001390 0.028917551 88.046867371
0.030925572 0.021810239 0.999283731 11.405433655 0.048637215 0.998544693 -0.023299323 -1.389431596 -0.998337626 0.049322918 0.029819787 88.065673828
0.033245444 0.021941712 0.999206483 12.108245850 0.049948212 0.998473227 -0.023587490 -1.407405972 -0.998198509 0.050692748 0.032098711 88.090393066
0.037113905 0.022120560 0.999066174 12.836471558 0.052618086 0.998324871 -0.024058834 -1.425752878 -0.997924805 0.053461865 0.035887778 88.115158081
0.041078508 0.021515302 0.998924255 13.589569092 0.051456995 0.998395860 -0.023619976 -1.445142031 -0.997829974 0.052371912 0.039905548 88.150535583
0.045020938 0.019968759 0.998786449 14.347877502 0.052991342 0.998344839 -0.022348551 -1.465529084 -0.997579634 0.053933188 0.043888271 88.187133789
0.049408376 0.018109664 0.998614490 15.118278503 0.053563155 0.998348773 -0.020754986 -1.488745809 -0.997341394 0.054514412 0.048356771 88.219673157
0.053514540 0.016093122 0.998437464 15.900650024 0.050246701 0.998560071 -0.018788241 -1.508975625 -0.997302175 0.051173627 0.052628875 88.271171570
0.057732642 0.015344008 0.998214185 16.701637268 0.049816422 0.998591959 -0.018230993 -1.522782564 -0.997088432 0.050779980 0.056886971 88.318710327
0.061595082 0.016164498 0.997970402 17.494522095 0.046482675 0.998737514 -0.019045858 -1.547139406 -0.997018337 0.047561459 0.060765922 88.380271912
0.064226270 0.020223029 0.997730494 18.297824860 0.044437282 0.998744965 -0.023104127 -1.575550079 -0.996945560 0.045820322 0.063246965 88.446922302
0.065487325 0.025477203 0.997528076 19.120929718 0.038442079 0.998867452 -0.028035117 -1.601569533 -0.997112632 0.040183000 0.064433753 88.519943237
0.065267682 0.028222455 0.997468650 19.928970337 0.035654671 0.998895705 -0.030595843 -1.635138750 -0.997230649 0.037561338 0.064189374 88.574333191
0.065984249 0.027904980 0.997430384 20.740356445 0.033286560 0.998990953 -0.030150685 -1.668581724 -0.997265339 0.035190497 0.064988792 88.624908447
0.065901816 0.025958970 0.997488439 21.550529480 0.030790273 0.999132574 -0.028036006 -1.702449083 -0.997350991 0.032560565 0.065045357 88.686798096
0.065163970 0.025160208 0.997557402 22.380332947 0.031830888 0.999120951 -0.027278952 -1.727398992 -0.997366786 0.033530738 0.064305782 88.761932373
0.065317571 0.024523666 0.997563183 23.195934296 0.029361488 0.999217868 -0.026486853 -1.761401415 -0.997432530 0.031019997 0.064546406 88.828674316
0.065257072 0.024838274 0.997559428 24.009510040 0.028049378 0.999249458 -0.026715262 -1.792225838 -0.997474313 0.029724279 0.064511418 88.890373230
0.065281630 0.025452517 0.997542322 24.844909668 0.024174023 0.999340892 -0.027080422 -1.826303959 -0.997574151 0.025882466 0.064623296 88.961059570
0.063897312 0.026879318 0.997594535 25.653793335 0.021586701 0.999366105 -0.028309716 -1.855728388 -0.997723103 0.023343690 0.063276529 89.022033691
0.061297178 0.026272135 0.997773767 26.464908600 0.018601397 0.999449849 -0.027459025 -1.889806271 -0.997946262 0.020243147 0.060774803 89.074485779
0.057523668 0.025118805 0.998028278 27.276737213 0.015531432 0.999539912 -0.026052048 -1.924418807 -0.998223484 0.016999420 0.057107091 89.125389099
0.052407622 0.022631995 0.998369396 28.087680817 0.013537109 0.999635220 -0.023371300 -1.956697822 -0.998534083 0.014739870 0.052082121 89.173431396
0.046178102 0.020299727 0.998726964 28.911506653 0.010445728 0.999729037 -0.020803073 -1.993712425 -0.998878598 0.011393077 0.045953512 89.221008301
0.038850009 0.021051349 0.999023378 29.714702606 0.009683158 0.999723196 -0.021442657 -2.021175861 -0.999198258 0.010506749 0.038635433 89.251937866
0.030618548 0.021448145 0.999301016 30.512130737 0.009927652 0.999713898 -0.021761190 -2.053680182 -0.999481857 0.010587009 0.030396819 89.267196655
0.020515800 0.022022869 0.999546945 31.308620453 0.010323182 0.999699414 -0.022238115 -2.078194380 -0.999736249 0.010774738 0.020282328 89.281158447
0.010713458 0.021219272 0.999717474 32.115192413 0.012630701 0.999692202 -0.021354092 -2.103574276 -0.999862850 0.012855909 0.010442138 89.285629272
-0.000105500 0.020719079 0.999785423 32.911705017 0.011718551 0.999716699 -0.020716421 -2.128257990 -0.999931455 0.011713850 -0.000348210 89.287345886
-0.011793971 0.019699035 0.999736369 33.706661224 0.012750064 0.999727607 -0.019548452 -2.158136845 -0.999849141 0.012516151 -0.012041807 89.282424927
-0.022075653 0.020220460 0.999551773 34.487037659 0.013296335 0.999712944 -0.019930063 -2.182498455 -0.999667823 0.012850407 -0.022338152 89.247711182
-0.033057690 0.020713279 0.999238729 35.260166168 0.013372319 0.999704897 -0.020280546 -2.214199781 -0.999363899 0.012691710 -0.033324957 89.219467163
-0.043626070 0.021350039 0.998819828 36.051910400 0.012416708 0.999705970 -0.020826649 -2.249074936 -0.998970807 0.011493469 -0.043878317 89.178070068
-0.053902149 0.022534186 0.998292029 36.820590973 0.013326367 0.999672532 -0.021845801 -2.272919178 -0.998457432 0.012126070 -0.054184794 89.137832642
-0.063376069 0.023746027 0.997707188 37.577701569 0.014168690 0.999637544 -0.022891950 -2.286079407 -0.997889161 0.012685401 -0.063689590 89.082397461
-0.073209047 0.024091687 0.997025609 38.339332581 0.014556271 0.999627531 -0.023085728 -2.314433098 -0.997210443 0.012822892 -0.073532462 89.024726868
-0.082505465 0.024366830 0.996292710 39.086345673 0.015210178 0.999615371 -0.023188503 -2.344548225 -0.996474564 0.013240612 -0.082844377 88.962585449
-0.091052771 0.023633022 0.995565712 39.823848724 0.016240142 0.999620676 -0.022243986 -2.371118546 -0.995713770 0.014142752 -0.091402054 88.892501831
-0.098450899 0.022807006 0.994880497 40.558937073 0.018538881 0.999605894 -0.021080770 -2.398996830 -0.994969189 0.016368549 -0.098834991 88.814941406
-0.103991151 0.021331890 0.994349480 41.272071838 0.021192299 0.999590516 -0.019227995 -2.423273802 -0.994352520 0.019073013 -0.104400635 88.740219116
-0.107402325 0.019351367 0.994027376 41.982875824 0.024220847 0.999564767 -0.016842166 -2.450381756 -0.993920624 0.022267299 -0.107824206 88.656341553
-0.110228300 0.018411454 0.993735671 42.683277130 0.025773264 0.999545157 -0.015660234 -2.473526955 -0.993571997 0.023885611 -0.110652685 88.579307556
-0.112133861 0.017228255 0.993543744 43.370548248 0.025753615 0.999564230 -0.014426033 -2.499106884 -0.993359327 0.023969699 -0.112528682 88.505401611
-0.112898231 0.017816363 0.993447006 44.040874481 0.026526364 0.999536872 -0.014911051 -2.518796206 -0.993252575 0.024669103 -0.113318563 88.433235168
-0.111916661 0.018809982 0.993539572 44.696857452 0.027310036 0.999501407 -0.015846532 -2.541860819 -0.993342280 0.025360109 -0.112374544 88.359443665
-0.109024405 0.020558430 0.993826449 45.331165314 0.028887199 0.999429405 -0.017505359 -2.559306622 -0.993619204 0.026800349 -0.109556079 88.293350220
-0.103856683 0.021266023 0.994364917 45.953567505 0.028619086 0.999421299 -0.018385036 -2.578329086 -0.994180441 0.026548406 -0.104405165 88.234245300
-0.096070647 0.021721270 0.995137513 46.551651001 0.028062236 0.999423563 -0.019105693 -2.604975224 -0.994978905 0.026090287 -0.096624851 88.185646057
-0.084429741 0.021417797 0.996199310 47.116424561 0.027193900 0.999446094 -0.019182868 -2.630719662 -0.996058345 0.025470939 -0.084965467 88.138969421
-0.071297288 0.021463858 0.997224152 47.679050446 0.025882604 0.999471605 -0.019661738 -2.655681133 -0.997119248 0.024408931 -0.071815133 88.114067078
-0.054028749 0.022860095 0.998277843 48.208824158 0.025102980 0.999453008 -0.021528391 -2.676748037 -0.998223960 0.023896595 -0.054573059 88.098144531
-0.032546043 0.025877699 0.999135196 48.761043549 0.023687609 0.999403954 -0.025113055 -2.692624092 -0.999189496 0.022849791 -0.033139706 88.095741272
-0.008062601 0.028911952 0.999549568 49.282638550 0.021254152 0.999361098 -0.028735066 -2.718181849 -0.999741733 0.021012902 -0.008671999 88.112686157
0.020667255 0.030688316 0.999315321 49.789886475 0.020108566 0.999313831 -0.031104144 -2.735371828 -0.999584198 0.020737635 0.020035982 88.132423401
0.053821445 0.030399097 0.998087823 50.293579102 0.017482141 0.999354601 -0.031380400 -2.754790783 -0.998397589 0.019137651 0.053255260 88.179283142
0.092363119 0.027588729 0.995343149 50.785366058 0.016303848 0.999440193 -0.029215211 -2.784544468 -0.995591938 0.018926330 0.091861606 88.240951538
0.134714425 0.023816094 0.990598321 51.288913727 0.014078814 0.999564171 -0.025946278 -2.806468725 -0.990784526 0.017441789 0.134320438 88.331558228
0.179840267 0.019723911 0.983498037 51.753131866 0.011623424 0.999686539 -0.022174001 -2.824681759 -0.983627141 0.015419393 0.179554641 88.436264038
0.228104949 0.016648114 0.973494232 52.240383148 0.007006445 0.999799848 -0.018739697 -2.842723370 -0.973611414 0.011095352 0.227942705 88.585159302
0.279943645 0.014742764 0.959903240 52.694396973 0.003269540 0.999861658 -0.016309988 -2.866366625 -0.960010886 0.007704320 0.279856682 88.743225098
0.334826648 0.014350313 0.942170501 53.145435333 0.002703626 0.999865294 -0.016189879 -2.881023884 -0.942275882 0.007968080 0.334742725 88.935211182
0.392097414 0.015241307 0.919797421 53.581066132 0.004860793 0.999814451 -0.018639304 -2.892113686 -0.919910848 0.011779369 0.391950607 89.160186768
0.452685893 0.018223464 0.891483784 53.995445251 0.005496647 0.999715090 -0.023227036 -2.913723946 -0.891653061 0.015414723 0.452456772 89.395629883
0.510571778 0.022216929 0.859548092 54.367721558 0.006230213 0.999544322 -0.029536190 -2.925200939 -0.859812558 0.020435512 0.510200739 89.685142517
0.568957984 0.026534369 0.821938455 54.738311768 0.001856286 0.999435365 -0.033549394 -2.938700199 -0.822364569 0.020613952 0.568587422 89.981887817
0.624252141 0.029167127 0.780678272 55.060264587 -0.001795876 0.999353707 -0.035901085 -2.958410263 -0.781220853 0.021009328 0.623901129 90.316452026
0.677500010 0.030916454 0.734872758 55.385452271 -0.004100745 0.999259472 -0.038258743 -2.967701435 -0.735511363 0.022906775 0.677125096 90.658187866
0.725604892 0.029745091 0.687468410 55.645847321 -0.005130199 0.999271333 -0.037821263 -2.979561329 -0.688092470 0.023916446 0.725228786 91.004119873
0.771139145 0.026632641 0.636109412 55.921142578 -0.007521586 0.999436080 -0.032726180 -2.994634151 -0.636622250 0.020451885 0.770904541 91.391357422
0.812275290 0.020976255 0.582897007 56.163978577 -0.007629555 0.999649704 -0.025341716 -3.012449741 -0.583224356 0.016137205 0.812150776 91.796676636
0.848687828 0.018803954 0.528559744 56.367950439 -0.010172111 0.999763250 -0.019234452 -3.023005247 -0.528796315 0.010947479 0.848678172 92.216636658
0.879710138 0.015498210 0.475257695 56.546371460 -0.011213206 0.999866903 -0.011849943 -3.032388926 -0.475378096 0.005095351 0.879766822 92.642318726
0.905204058 0.016183281 0.424668938 56.703346252 -0.014976161 0.999868751 -0.006180520 -3.046576500 -0.424713224 -0.000765279 0.905327618 93.082855225
0.925270081 0.017738819 0.378893912 56.836887360 -0.018174125 0.999831915 -0.002427759 -3.061430454 -0.378873259 -0.004639732 0.925436974 93.517524719
0.940623164 0.022579571 0.338700771 56.957397461 -0.024054283 0.999710619 0.000156415 -3.065116167 -0.338599235 -0.008294331 0.940894127 93.946617126
0.952414036 0.027166201 0.303594261 57.066928864 -0.028297154 0.999599338 -0.000674285 -3.070237160 -0.303490937 -0.007948655 0.952801168 94.404159546
0.961593449 0.029024787 0.272938877 57.171875000 -0.030012837 0.999549389 -0.000555296 -3.068169117 -0.272832006 -0.007657700 0.962031245 94.874145508
0.967641532 0.023958722 0.251188904 57.285778046 -0.024532426 0.999698699 -0.000847603 -3.069406986 -0.251133531 -0.005342097 0.967937708 95.343627930
0.971738815 0.019796630 0.235227078 57.393836975 -0.020435033 0.999791145 0.000276412 -3.079254627 -0.235172480 -0.005075473 0.971940398 95.813415527
0.974586964 0.024170844 0.222701773 57.484367371 -0.024740903 0.999693871 -0.000230279 -3.079314947 -0.222639158 -0.005285415 0.974886596 96.319763184
0.976558208 0.028918771 0.213302001 57.569686890 -0.029652355 0.999560237 0.000240023 -3.075286865 -0.213201270 -0.006559302 0.976986289 96.831375122
0.977578282 0.038754553 0.206975460 57.676208496 -0.039430067 0.999221981 -0.000862044 -3.091689348 -0.206847832 -0.007318341 0.978345752 97.325363159
0.977984309 0.043172620 0.204163730 57.764408112 -0.043193363 0.999057233 -0.004356743 -3.095262289 -0.204159349 -0.004557691 0.978927076 97.840179443
0.977996886 0.045198675 0.203664362 57.864147186 -0.044735529 0.998975158 -0.006879701 -3.109029293 -0.203766584 -0.002382706 0.979016602 98.381118774
0.977570057 0.042898037 0.206195533 57.976882935 -0.041619852 0.999077976 -0.010534492 -3.113464594 -0.206457317 0.001716377 0.978454113 98.919731140
0.976909280 0.041714262 0.209542885 58.109619141 -0.039036013 0.999094844 -0.016902804 -3.124447584 -0.210058302 0.008332788 0.977653325 99.456329346
0.975954771 0.041764010 0.213934690 58.227020264 -0.037969965 0.999040723 -0.021814959 -3.128378391 -0.214640558 0.013167320 0.976604342 100.015602112
0.974845886 0.046552628 0.217964217 58.356231689 -0.042950593 0.998851478 -0.021237228 -3.142849922 -0.218702525 0.011341332 0.975725651 100.578292847
0.973449469 0.050038755 0.223365799 58.488380432 -0.047382273 0.998728037 -0.017240152 -3.157984734 -0.223944366 0.006198836 0.974582195 101.165946960
0.972504675 0.047163282 0.228057668 58.636196136 -0.045496415 0.998885512 -0.012563667 -3.173065186 -0.228396043 0.001842420 0.973566592 101.768760681
0.971818626 0.042680126 0.231833979 58.783172607 -0.042242251 0.999083877 -0.006854995 -3.187229633 -0.231914163 -0.003131376 0.972731233 102.377395630
0.971000731 0.040149480 0.235681161 58.937934875 -0.040761627 0.999166310 -0.002276120 -3.194716930 -0.235576063 -0.007396634 0.971827745 102.998863220
0.970492423 0.035406414 0.238517925 59.097877502 -0.036061604 0.999348283 -0.001617587 -3.204463959 -0.238419741 -0.007031483 0.971136749 103.631301880
0.970536649 0.031843487 0.238840088 59.257404327 -0.031596184 0.999488890 -0.004864997 -3.213425398 -0.238872930 -0.002824777 0.971046746 104.271903992
0.970650554 0.031597272 0.238409430 59.423770905 -0.029623885 0.999490798 -0.011856665 -3.222120762 -0.238662675 0.004446066 0.971092343 104.910942078
0.970768988 0.034005132 0.237594649 59.581062317 -0.030446960 0.999362767 -0.018630454 -3.230332613 -0.238076776 0.010851833 0.971185684 105.571052551
0.971293986 0.036647744 0.235042438 59.729389191 -0.032316536 0.999229908 -0.022254141 -3.244234085 -0.235677004 0.014019554 0.971730292 106.245254517
0.971932948 0.035063002 0.232630506 59.894950867 -0.031793822 0.999336123 -0.017788997 -3.260304689 -0.233099803 0.009893499 0.972402513 106.940803528
0.972410738 0.030817172 0.231230631 60.064785004 -0.029248217 0.999520004 -0.010211009 -3.277260780 -0.231434315 0.003166212 0.972845376 107.649681091
0.972941458 0.031425480 0.228904620 60.230232239 -0.031272329 0.999501646 -0.004297305 -3.290705442 -0.228925601 -0.002977354 0.973439395 108.374298096
0.973224103 0.035077956 0.227165863 60.389930725 -0.034821473 0.999380350 -0.005137751 -3.301149845 -0.227205321 -0.002910067 0.973842502 109.102615356
0.973578990 0.039969254 0.224825189 60.548725128 -0.038788337 0.999200642 -0.009668827 -3.314303637 -0.225031927 0.000692773 0.974351168 109.833221436
0.974422038 0.040774524 0.220995903 60.711177826 -0.038403362 0.999149442 -0.015017314 -3.325903416 -0.221420258 0.006146216 0.975159109 110.575881958
0.975398839 0.039046243 0.216962054 60.880958557 -0.035990346 0.999189675 -0.018020015 -3.338474035 -0.217489854 0.009768160 0.976013720 111.329452515
0.976277530 0.037050068 0.213329569 61.041835785 -0.034321729 0.999274969 -0.016480010 -3.353195190 -0.213785484 0.008767224 0.976841271 112.100845337
0.977135777 0.033569071 0.209949464 61.207771301 -0.031226303 0.999407649 -0.014464677 -3.370758057 -0.210310668 0.007578008 0.977605224 112.875602722
0.977554798 0.032351822 0.208182573 61.375133514 -0.030665249 0.999465585 -0.011324530 -3.393040657 -0.208437681 0.004686378 0.978024423 113.665870667
0.977915585 0.029141864 0.206958681 61.544906616 -0.027818937 0.999569714 -0.009300184 -3.402410746 -0.207140654 0.003337425 0.978305459 114.464347839
0.978085995 0.024533449 0.206750736 61.713710785 -0.023371603 0.999694347 -0.008060491 -3.416785955 -0.206885293 0.003051757 0.978360415 115.261711121
0.978184044 0.025029344 0.206226811 61.877738953 -0.024219615 0.999685824 -0.006450373 -3.431346893 -0.206323475 0.001314918 0.978482962 116.057090759
0.978021383 0.030566193 0.206251860 62.050914764 -0.029436365 0.999530137 -0.008545068 -3.446286917 -0.206416145 0.002285955 0.978461623 116.889114380
0.977768958 0.036331810 0.206513494 62.219585419 -0.034599584 0.999329269 -0.011994577 -3.459034443 -0.206810772 0.004582645 0.978370249 117.702011108
0.977164388 0.045439962 0.207569331 62.378414154 -0.043530948 0.998957336 -0.013757784 -3.471713781 -0.207978055 0.004407927 0.978123546 118.536453247
0.976282716 0.050719846 0.210474581 62.542808533 -0.049112044 0.998710454 -0.012862359 -3.495493889 -0.210855529 0.002220462 0.977514684 119.356857300
0.975509465 0.053545997 0.213340402 62.714702606 -0.052462578 0.998565137 -0.010740692 -3.517622709 -0.213609412 -0.000714742 0.976918876 120.187385559
0.974908769 0.054149985 0.215918243 62.893520355 -0.052922633 0.998532772 -0.011466364 -3.538308382 -0.216222346 -0.000248301 0.976344109 121.020996094
0.974661946 0.051961794 0.217563868 63.077091217 -0.050059058 0.998644590 -0.014251933 -3.552287102 -0.218009531 0.002999776 0.975942016 121.838996887
0.974594057 0.046000931 0.219203994 63.270126343 -0.044216868 0.998936832 -0.013040510 -3.573457241 -0.219570816 0.003016690 0.975591898 122.699859619
0.974776149 0.039174851 0.219719842 63.459938049 -0.036883846 0.999214053 -0.014521081 -3.594029427 -0.220116004 0.006050691 0.975454926 123.537513733
0.974546373 0.038805664 0.220802009 63.646835327 -0.036544334 0.999229431 -0.014318774 -3.621797800 -0.221187517 0.005885248 0.975213528 124.358764648
0.974055707 0.041046768 0.222554684 63.837852478 -0.039413601 0.999153554 -0.011776808 -3.636610746 -0.222849712 0.002699587 0.974849105 125.205520630
0.973602057 0.042875044 0.224189103 64.014663696 -0.042571932 0.999074221 -0.006187776 -3.653139114 -0.224246860 -0.003519730 0.974526048 126.049858093
0.973246336 0.046125725 0.225086764 64.195960999 -0.046809752 0.998901188 -0.002299669 -3.664864779 -0.224945500 -0.008298110 0.974336028 126.880119324
0.973130882 0.045992892 0.225612357 64.390556335 -0.045265216 0.998939693 -0.008400007 -3.693145752 -0.225759476 -0.002038086 0.974180937 127.685836792
0.973375797 0.041548651 0.225418046 64.583541870 -0.037371807 0.999042034 -0.022766752 -3.714326620 -0.226148039 0.013736326 0.973996103 128.491043091
