orb_500=0.280548
orb_800=0.281851
orb_1000=0.273511
orb_1200=0.280186
orb_1500=0.284893
orb_2000=0.276629
